|7|2| | | |9| | |1
| | | | |4|2| |6|
|5|9|4|1| | | |7|
| | |7| |8| |5| |3
|8| | |2| |6| | |9
|2| |3| |7| |6| |
| |5| | | |3|4|9|7
| |8| |5|2| | | |
|3| | |6| | | |5|8

Solution
7	2	6	3	5	9	8	4	1
1	3	8	7	4	2	9	6	5
5	9	4	1	6	8	3	7	2
9	6	7	4	8	1	5	2	3
8	4	5	2	3	6	7	1	9
2	1	3	9	7	5	6	8	4
6	5	2	8	1	3	4	9	7
4	8	9	5	2	7	1	3	6
3	7	1	6	9	4	2	5	8


| |1|7|2|8| | | |
| |8| | | |5|7|9|4
| |3| |4| |7| | |2
| |9|6| | | |1| |8
|7| | | |4| | | |9
|3| |8| | | |2|6|
|1| | |8| |3| |7|
|2|5|3|1| | | |8|
| | | | |9|6|3|2|
				
Solution
4	1	7	2	8	9	6	5	3
6	8	2	3	1	5	7	9	4
9	3	5	4	6	7	8	1	2
5	9	6	7	3	2	1	4	8
7	2	1	6	4	8	5	3	9
3	4	8	9	5	1	2	6	7
1	6	9	8	2	3	4	7	5
2	5	3	1	7	4	9	8	6
8	7	4	5	9	6	3	2	1				